redshift log_likelihood
4.99487964569367 -0.6098402891010252
4.9888877624889005 -0.6596493372461443
4.982901868172393 -0.6431684341379593
4.976921956758251 -0.5535917778038434
4.970948022266564 -0.543302508338022
4.964980058723398 -0.5833615289799373
4.959018060160787 -0.6558839576105471
4.953062020616732 -0.6871568178909837
4.947111934135195 -0.6972010948155549
4.941167794766087 -0.7448934348706158
4.93522959656527 -0.7241915909405451
4.929297333594543 -0.6562092932102148
4.923370999921644 -0.572984000172654
4.917450589620239 -0.5309838503284836
4.9115360967699155 -0.5153676052725653
4.9056275154561835 -0.5072074208614804
4.899724839770457 -0.4931035939041716
4.893828063810063 -0.46517782037369165
4.8879371816782236 -0.47111163987190124
4.882052187484057 -0.5680709496669153
4.876173075342567 -0.6572578367545427
4.870299839374644 -0.7209149965645592
4.864432473707048 -0.6689559017114415
4.858570972472414 -0.6036949228062995
4.852715329809241 -0.576033792191786
4.846865539861887 -0.5585758235581199
4.841021596780559 -0.5813686591602939
4.835183494721314 -0.5493187583403072
4.82935122784605 -0.48125226690686296
4.823524790322501 -0.45764501639100386
4.817704176324227 -0.5023229753414823
4.811889380030614 -0.567723454119135
4.806080395626865 -0.5911244701997098
4.800277217303996 -0.5722259768774953
4.794479839258828 -0.5373217078938101
4.788688255693981 -0.5658020319360522
4.782902460817873 -0.5435651233360622
4.7771224488447075 -0.47477911469157713
4.7713482139944725 -0.44028370010987167
4.765579750492932 -0.48401522714107176
4.759817052571623 -0.5711364032886664
4.754060114467845 -0.6482815076152819
4.748308930424663 -0.652522518525742
4.742563494690889 -0.6365819879337815
4.736823801521089 -0.6392878548528631
4.7310898451755685 -0.6140777505934212
4.7253616199203705 -0.5765012435770002
4.71963912002727 -0.5464665067614656
4.713922339773766 -0.4871546225046547
4.708211273443077 -0.48124032539586176
4.7025059153241395 -0.5322590856890715
4.6968062597115905 -0.5601327212773923
4.691112300905776 -0.5611903169089689
4.685424033212738 -0.6240093827765812
4.6797414509442055 -0.6384010251408183
4.674064548417598 -0.6397193561203782
4.668393319956011 -0.6431188988208651
4.6627277598882175 -0.6025202171338028
4.657067862548655 -0.5639320812689652
4.651413622277428 -0.5530128083461484
4.645765033420292 -0.519910647842201
4.640122090328661 -0.4991396975459968
4.6344847873595905 -0.48835137738790996
4.628853118875776 -0.47776573388531657
4.6232270792455505 -0.46528021930033925
4.6176066628428725 -0.492578534425905
4.611991864047325 -0.5224204577510541
4.60638267724411 -0.49739063493764957
4.60077909682404 -0.46290004859298645
4.5951811171835315 -0.43231660389761606
4.589588732724608 -0.39228022200419604
4.584001937854882 -0.39039757221932847
4.57842072698756 -0.42815588229442947
4.57284509454143 -0.4703554829630026
4.567275034940859 -0.5047078075312923
4.561710542615787 -0.4945642067235866
4.556151612001719 -0.47432701844821323
4.550598237539728 -0.4771173750798696
4.545050413676437 -0.46524830783841276
4.539508134864022 -0.46429121754698244
4.533971395560203 -0.4501967824137885
4.52844019022824 -0.45190218439483043
4.522914513336929 -0.45024640958000844
4.517394359360591 -0.463528539862633
4.511879722779073 -0.47005350662139656
4.506370598077735 -0.46593748399267865
4.500866979747456 -0.4988342095310458
4.495368862284614 -0.4987124254871739
4.489876240191094 -0.5089564902510253
4.484389107974271 -0.4973498121212493
4.478907460147012 -0.47541226192987757
4.473431291227669 -0.4827280626535925
4.467960595740076 -0.48526786872340144
4.462495368213532 -0.46371705671202523
4.4570356031828124 -0.44153937402484567
4.451581295188151 -0.4479608234355235
4.446132438775239 -0.47388824516738887
4.44068902849522 -0.48046544497946697
4.435251058904681 -0.49362899908071123
4.429818524565656 -0.5095290860269962
4.424391420045608 -0.5143991390484542
4.41896973991743 -0.47210652224379146
4.413553478759446 -0.4756879580311923
4.40814263115539 -0.5041923866750453
4.402737191694417 -0.4980725693806661
4.397337154971085 -0.4688744766940564
4.391942515585359 -0.44464084230130085
4.386553268142597 -0.4359099212634269
4.381169407253552 -0.4455491680821093
4.375790927534363 -0.46261698175918686
4.370417823606549 -0.46592354145915277
4.365050090097007 -0.4676553778663782
4.359687721638001 -0.4486330180733887
4.354330712867164 -0.4320242583228973
4.348979058427487 -0.4490546698830108
4.343632752967313 -0.4457161451735001
4.338291791140337 -0.4155851379039847
4.332956167605598 -0.36779109157131074
4.3276258770274705 -0.3731979111646495
4.322300914075664 -0.3831944671939002
4.316981273425216 -0.4094890108828835
4.311666949756483 -0.43656629725247864
4.306357937755143 -0.4480186663514392
4.3010542321121825 -0.47245000068406945
4.295755827523896 -0.4728005943635475
4.290462718691875 -0.45671968277377983
4.285174900323022 -0.432030887554455
4.279892367129509 -0.3781890379848924
4.274615113828795 -0.35664593553691487
4.269343135143634 -0.40005879239680997
4.264076425802057 -0.44444305959122243
4.258814980537343 -0.46289769170869977
4.25355879408804 -0.48266317187947133
4.2483078611979685 -0.5179638355613241
4.243062176616204 -0.520218935165221
4.237821735097055 -0.5011246131765831
4.232586531400067 -0.507684991794122
4.227356560290046 -0.4988894506214981
4.22213181653703 -0.4708943608064274
4.216912294916267 -0.45780502186180294
4.211697990208224 -0.44631958622636875
4.2064888971986045 -0.424030669696304
4.201285010678326 -0.4253093115416412
4.196086325443492 -0.47519728899498825
4.190892836295407 -0.510529634614251
4.185704538040591 -0.5240594975974431
4.1805214254907535 -0.4779959162944216
4.175343493462775 -0.4688114747882423
4.170170736778711 -0.4626779791737237
4.1650031502658145 -0.4654921142807581
4.159840728756508 -0.4635160831235896
4.1546834670883594 -0.44486125618723116
4.1495313601041 -0.4495364926912307
4.144384402651628 -0.4588130110873798
4.139242589583999 -0.4369528483145226
4.134105915759385 -0.44927751694099044
4.128974376041107 -0.4592147408241622
4.1238479652976325 -0.496559985718397
4.118726678402559 -0.5173127999939455
4.113610510234591 -0.500991925187381
4.108499455677549 -0.5020010403162594
4.10339350962039 -0.49878246297700984
4.098292666957175 -0.4900766328255375
4.09319692258705 -0.4952389232752034
4.088106271414264 -0.5176938717550124
4.083020708348174 -0.5205364434169192
4.077940228303224 -0.5194790101627952
4.072864826198926 -0.4913813175210919
4.067794496959868 -0.4725045018564279
4.062729235515729 -0.465048668483952
4.057669036801256 -0.47461852675595056
4.0526138957562425 -0.46445457813877206
4.0475638073255364 -0.4776591924093231
4.042518766459057 -0.486774296923535
4.037478768111775 -0.4844177784830166
4.032443807243681 -0.4938025943818507
4.027413878819803 -0.4909847556949395
4.022388977810223 -0.48746473977162935
4.0173690991900495 -0.46756985909559584
4.012354237939392 -0.4657386543108083
4.007344389043382 -0.4378119734451227
4.002339547492178 -0.4368607399484101
3.997339708280948 -0.4214536166059469
3.9923448664098418 -0.3844294112196245
3.9873550168840097 -0.3678109108350089
3.9823701547136103 -0.4208485809099802
3.9773902749137893 -0.4460397662163476
3.972415372504658 -0.4489712941645866
3.9674454425113046 -0.4626100208112312
3.9624804799638076 -0.463465075938321
3.9575204798972132 -0.4553874289248549
3.9525654373515113 -0.47745678229750343
3.9476153473716513 -0.4868319917809437
3.942670205007552 -0.4901948297123884
3.9377300053140765 -0.4936240553727951
3.9327947433510184 -0.48964242394981944
3.927864414183106 -0.4634707426059784
3.9229390128800192 -0.46019060963340513
3.9180185345163636 -0.46060286388298866
3.913102974171652 -0.47466743106649634
3.9081923269303154 -0.4752813209496772
3.9032865878817153 -0.46026162237552015
3.89838575212012 -0.46506574689097796
3.893489814744685 -0.4504761095754775
3.8885987708594634 -0.44056038971554223
3.8837126155734216 -0.43805965544855496
3.8788313440004094 -0.43338658065715363
3.873954951259149 -0.4210950970431171
3.8690834324732366 -0.43656149644653125
3.8642167827711624 -0.47162113150139195
3.8593549972862853 -0.48598800479329
3.8544980711568098 -0.5119709102728007
3.8496459995258023 -0.5016291935609773
3.8447987775411976 -0.49858474850686485
3.839956400355784 -0.45605875712623606
3.835118863127173 -0.44923175977335056
3.8302861610178196 -0.4501561380895245
3.82545828919503 -0.4492965857283048
3.8206352428309405 -0.45479350467532076
3.8158170171024945 -0.4517348884119886
3.81100360719146 -0.45576331270832665
3.8061950082844325 -0.4476661986851098
3.8013912155728224 -0.4451565391938323
3.7965922242528283 -0.4713513528180386
3.7917980295254496 -0.4865616238895046
3.7870086265964993 -0.4878979245570038
3.7822240106765834 -0.4812110657150453
3.777444176981077 -0.49332143613802165
3.7726691207301366 -0.4938969553616799
3.7678988371487145 -0.4869535359651378
3.763133321466537 -0.4655567957633334
3.758372568918076 -0.44308736930813397
3.7536165747425727 -0.44128887911497156
3.74886533418404 -0.43464412615191855
3.744118842491246 -0.4274402432600274
3.73937709491769 -0.4346966895055446
3.7346400867216154 -0.4329709783188795
3.7299078131660224 -0.44287164515201966
3.7251802695186447 -0.43629762070354194
3.7204574510519297 -0.3574287098659797
3.715739353043051 -0.22882869654938143
3.7110259707739184 -0.18385927957881956
3.7063172995311584 -0.30214470009710936
3.7016133346060895 -0.4224818329701224
3.6969140712947386 -0.48863282278076636
3.6922195048978503 -0.4928615058427877
3.6875296307208663 -0.4757913404149422
3.682844444073903 -0.4669096745883947
3.6781639402717667 -0.4570743637813703
3.673488114633961 -0.4658051891084338
3.6688169624846667 -0.4541543380585249
3.664150479152724 -0.43977752130055936
3.6594886599716414 -0.4448650966591217
3.654831500279606 -0.4500020777676011
3.650178995419468 -0.4706839065798264
3.645531140738713 -0.49049968925150755
3.640887931589477 -0.49773943953810773
3.6362493633285604 -0.4952134867957105
3.6316154313174005 -0.5171314078829368
3.6269861309220586 -0.5063994082278644
3.6223614575132244 -0.49777869366133404
3.6177414064662328 -0.4806529101160499
3.6131259731610417 -0.4741535025873931
3.608515152982208 -0.4841004823829445
3.6039089413189025 -0.4742343831542938
3.599307333564922 -0.4562349433906021
3.5947103251186663 -0.46152089935004675
3.5901179113831194 -0.4679019065057416
3.585530087765858 -0.48734785446639867
3.5809468496790666 -0.47879731851454876
3.5763681925395145 -0.46947635037842517
3.5717941117685363 -0.4680483845237646
3.5672246027920433 -0.45607274364741907
3.5626596610405334 -0.4247463646446599
3.5580992819490724 -0.4605757196999017
3.5535434609572736 -0.48206717264262344
3.5489921935093065 -0.47359890412993255
3.544445475053913 -0.4755801760887999
3.5399033010443812 -0.5013130139918748
3.535365666938528 -0.5179225154320556
3.5308325681987123 -0.5248566040649422
3.5263040002918418 -0.5025068579520207
3.5217799586893577 -0.48098527421850834
3.5172604388672086 -0.4755941767581908
3.512745436305866 -0.46204182522016907
3.5082349464903366 -0.47074437980863787
3.5037289649101373 -0.4824871632482906
3.4992274870592786 -0.49399783869664166
3.494730508436273 -0.5100136424602326
3.4902380245441513 -0.5014958373720563
3.4857500308904363 -0.49763781820539005
3.4812665229871254 -0.49830037895344087
3.4767874963507035 -0.5040583395952365
3.472312946502151 -0.5021326264573036
3.467842868966925 -0.47825878555367435
3.4633772592749406 -0.45408972523771923
3.458916112960579 -0.43145343118951873
3.4544594255627032 -0.43575158522819685
3.450007192624631 -0.4448684366293482
3.4455594096941233 -0.4639073293115068
3.4411160723233873 -0.4687185373943281
3.436677176069093 -0.46193347081867153
3.432242716492353 -0.44616687783284814
3.4278126891586993 -0.41565343012590844
3.423387089638095 -0.44372014865834664
3.41896591350495 -0.4645465737729962
3.4145491563380936 -0.457444433969254
3.4101368137207624 -0.4460916276299652
3.405728881240604 -0.45293470056511576
3.4013253544896935 -0.4633151559070305
3.396926229064513 -0.4613454113110422
3.3925315005659273 -0.46161140430599934
3.388141164599201 -0.475930752218649
3.383755216774005 -0.46497087795130676
3.3793736527043983 -0.4332861903515864
3.374996468008809 -0.4510011740250266
3.3706236583100457 -0.4727721015700541
3.3662552192353035 -0.46381286011355244
3.361891146416153 -0.45593495558417035
3.3575314354885126 -0.45803033066615234
3.353176082092663 -0.4557088336770676
3.348825081873258 -0.4237232390878407
3.344478430479305 -0.4185752111733781
3.340136123564144 -0.4337746850160766
3.3357981567854615 -0.4805580288602296
3.3314645258052966 -0.49557792697177827
3.327135226290027 -0.466080850702682
3.322810253910343 -0.4715863301181766
3.3184896043412664 -0.4706970281544385
3.3141732732621536 -0.4792944322983804
3.3098612563566814 -0.46382830310180356
3.3055535493128243 -0.4587704049002975
3.301250147822868 -0.4382701157522595
3.296951047583418 -0.4404151645417537
3.2926562442953813 -0.4597186909548037
3.2883657336639462 -0.47345108489919463
3.2840795113985948 -0.4899799209392374
3.279797573213112 -0.4751290577101967
3.2755199148255665 -0.4651940774474048
3.271246531958292 -0.44795170558705544
3.2669774203378985 -0.440533253673517
3.2627125756952804 -0.44398338670367404
3.2584519937656005 -0.4648950648817683
3.2541956702882704 -0.4715163960415504
3.2499436010069562 -0.4582400053290865
3.245695781669597 -0.4508510812521184
3.241452208028382 -0.44832817606869957
3.2372128758397283 -0.4394181570476274
3.232977780864296 -0.42976802969806904
3.228746918866997 -0.4373351167795227
3.2245202856169763 -0.4612636159005701
3.220297876887594 -0.45292411474177624
3.216079688456432 -0.45676227188686674
3.2118657161053106 -0.44206595223340317
3.2076559556202637 -0.441342637845767
3.203450402791523 -0.43970785608296287
3.199249053413528 -0.44771499694676453
3.195051903284935 -0.45318723114478165
3.1908589482086036 -0.4700051977320349
3.18667018399157 -0.46974129202673265
3.182485606445061 -0.47007550390950875
3.178305211384508 -0.4976098762312619
3.1741289946295215 -0.5058589408220545
3.1699569520038766 -0.49947941155701453
3.165789079335525 -0.47851246294489774
3.161625372456599 -0.4700063322210314
3.1574658272034 -0.47139814188442564
3.1533104394163747 -0.4880819136827232
3.149159204940128 -0.5073646880930447
3.1450121196234315 -0.5017509962943731
3.140869179319208 -0.5038087040491492
3.136730379884508 -0.5213740953982161
3.132595717180526 -0.4998882627989417
3.128465187072605 -0.4853686267208318
3.124338785430223 -0.47883875519572155
3.120216508126969 -0.4842934801036922
3.11609835104056 -0.48189425613825504
3.1119843100528453 -0.46765615044286085
3.1078743810497897 -0.4629366862521076
3.103768559921459 -0.46542240346644254
3.099666842562022 -0.47194475679722964
3.0955692248697684 -0.47398642840539923
3.091475702747089 -0.4785930676303945
3.0873862721004537 -0.47081305394688366
3.0833009288404236 -0.4704342005646951
3.079219668881662 -0.4665421101760432
3.0751424881429177 -0.4679410155026684
3.071069382547 -0.4769947819064413
3.067000348020798 -0.48690168261854055
3.062935380495282 -0.4768920559408026
3.058874475905492 -0.4666518937895362
3.0548176301905174 -0.465887558386366
3.0507648392935023 -0.4849508222203715
3.0467160991616655 -0.4834727321319938
3.0426714057462716 -0.48425366104787887
3.03863075500262 -0.5004594632563371
3.034594142890053 -0.48324176791762363
3.030561565371965 -0.48381484664946867
3.026533018415786 -0.48529150614402883
3.02250849799296 -0.4867964183953089
3.0184880000789613 -0.49337314824266854
3.014471520653297 -0.48226700271242706
3.010459055699495 -0.4778297752464599
3.0064506012050822 -0.4856202121183584
3.002446153161598 -0.5056857720574705
2.9984457075646005 -0.5126929547713742
2.994449260413651 -0.5037451439942743
2.9904568077122944 -0.47433249512323167
2.9864683454680714 -0.47610676579740935
2.9824838696925258 -0.46396157208973726
2.978503376401189 -0.4510055222370249
2.97452686161356 -0.43966794875523985
2.970554321353117 -0.4717999599375446
2.966585751647326 -0.48475068122606585
2.962621148527624 -0.4802300311923927
2.9586605080294013 -0.4646926312013136
2.9547038261920093 -0.47843695134689446
2.950751099058773 -0.51203114981448
2.9468023226769717 -0.5043864402938613
2.9428574930978226 -0.5044822574851552
2.9389166063764876 -0.5109712016349077
2.9349796585720873 -0.5010860659452748
2.931046645747681 -0.4865891638928436
2.927117563970248 -0.47450903692522745
2.9231924093106985 -0.49386216781025694
2.9192711778438856 -0.4936885299164228
2.9153538656485845 -0.4772261862372892
2.911440468807475 -0.47046862723226673
2.9075309834071534 -0.48075559525170924
2.9036254055381407 -0.4918969682373548
2.899723731294866 -0.5010934590129205
2.8958259567756475 -0.4771867674055289
2.891932078082703 -0.45322506643477617
2.888042091322162 -0.4336010306475048
2.8841559926040423 -0.43268780250769207
2.8802737780422394 -0.46213731110200773
2.8763954437545305 -0.48806598528916567
2.872520985862589 -0.4880546905940984
2.8686504004919624 -0.4820202517339805
2.8647836837720586 -0.4649852434780601
2.8609208318361543 -0.4530610938654009
2.857061840821404 -0.4624630797453937
2.853206706868822 -0.4565599247524414
2.849355426123268 -0.45282016016789844
2.845507994733454 -0.45566639583387386
2.8416644088519556 -0.45237025574222
2.8378246646351926 -0.4544929333861787
2.8339887582434145 -0.4693577700083966
2.830156685840707 -0.47969406204983167
2.826328443595005 -0.48549134956962203
2.8225040276780713 -0.5136870077865766
2.8186834342654845 -0.521800098373122
2.814866659536644 -0.500240691587617
2.8110536996747797 -0.4774069276809389
2.80724455086694 -0.486434959614686
2.803439209303969 -0.49927150356545197
2.7996376711805167 -0.506791106955604
2.7958399326950527 -0.516723562566832
2.7920459900498438 -0.5147574558375426
2.7882558394509416 -0.5137073894103744
2.7844694771081873 -0.5320682147868476
2.780686899235226 -0.5534357741928231
2.776908102049486 -0.5405568208115461
2.773133081772162 -0.5217446220127058
2.769361834628228 -0.5264154144614771
2.7655943568464423 -0.5256822807146287
2.761830644659334 -0.5392268917826742
2.758070694303184 -0.5024246360125001
2.7543145020180346 -0.49308840791677133
2.7505620640477004 -0.5167262258389174
2.7468133766397496 -0.5181094594432073
2.743068436045487 -0.49369718220455894
2.7393272385199663 -0.48805356344098094
2.7355897803219955 -0.4757069535054401
2.7318560577141233 -0.47220799651916057
2.7281260669626195 -0.49156339529714194
2.7243998043374864 -0.499262232987829
2.720677266112469 -0.48776048500878105
2.7169584485650335 -0.47854046625119345
2.713243347976357 -0.4760990753613088
2.7095319606313306 -0.4980832691180923
2.7058242828185746 -0.5109811684773325
2.702120310830416 -0.5094765769460062
2.698420040962877 -0.5064896296394423
2.6947234695156808 -0.5231445023344247
2.6910305927922624 -0.526663891930427
2.687341407099751 -0.5202814047586509
2.6836559087489533 -0.4996839832170025
2.6799740940543644 -0.49847258102503395
2.6762959593341775 -0.5087983909826427
2.672621500910262 -0.4955759369722774
2.6689507151081533 -0.492401679498653
2.6652835982570595 -0.49215627037194
2.6616201466898697 -0.5072693512898109
2.6579603567431374 -0.515969884903631
2.6543042247570665 -0.5324978755779304
2.650651747075519 -0.5160742617598836
2.647002920046023 -0.5120762088669155
2.643357740019757 -0.5265713332955524
2.6397162033515347 -0.5085474488069681
2.636078306399813 -0.5027785092466746
2.6324440455267 -0.5063358149416238
2.628813417097942 -0.49953917407106463
2.625186417482904 -0.5002423266355134
2.621563043054578 -0.47828249417452784
2.617943290189598 -0.4566893273280838
2.6143271552682155 -0.4890957578587503
2.6107146346742898 -0.48922486622979766
2.607105724795293 -0.48839037922885237
2.603500422022322 -0.4788075647524352
2.599898722750079 -0.47683657012665503
2.596300623376859 -0.4925467708688226
2.592706120304556 -0.5066468978646899
2.5891152099386727 -0.504351691983914
2.585527888688304 -0.49716077001782955
2.581944152966124 -0.4913568031340235
2.5783639991883884 -0.4910550860599645
2.5747874237749504 -0.5015841318359333
2.57121442314924 -0.5286233077342992
2.5676449937382513 -0.5227110083355088
2.564079131972546 -0.5120542336413082
2.560516834286271 -0.5099915168106967
2.556958097117133 -0.5022723492565145
2.553402916906388 -0.5012373292410818
2.5498512900988493 -0.5005945335699442
2.546303213142897 -0.5039082161426942
2.5427586824904598 -0.513339060824472
2.5392176945970006 -0.5279690114511614
2.5356802459215246 -0.5308026657495554
2.532146332926589 -0.5227704795029173
2.5286159520782867 -0.5122373356152443
2.525089099846231 -0.5254933973029668
2.5215657727035623 -0.5381951238795879
2.51804596712696 -0.5462171717116373
2.514529679596624 -0.5354898629885357
2.5110169065962604 -0.5087575489611913
2.50750764461309 -0.5190443339603796
2.5040018901378565 -0.5419803879613209
2.5004996396648114 -0.5208636288075945
2.4970008896916975 -0.5026215445733211
2.4935056367197586 -0.49187579956208455
2.4900138772537472 -0.49797204003654594
2.486525607801911 -0.5081745631553172
2.483040824875972 -0.5266300403450619
2.4795595249911426 -0.5412394890717541
2.4760817046661283 -0.5226500099093898
2.4726073604231145 -0.49184295843247655
2.46913648878775 -0.49013763336762906
2.4656690862891573 -0.5107116886921722
2.4622051494599404 -0.5163697652926814
2.4587446748361668 -0.5028699932714651
2.455287658957357 -0.5079358460983566
2.4518340983664877 -0.5260639518924232
2.4483839896100035 -0.535191705957516
2.4449373292378036 -0.533844473246804
2.44149411380322 -0.5237503285593205
2.43805433986303 -0.5438865182554026
2.4346180039774667 -0.5318899143226827
2.4311851027102 -0.5351157733272858
2.427755632628322 -0.5248370605089163
2.424329590302356 -0.5317118898451743
2.4209069723062657 -0.5337373917788287
2.4174877752174386 -0.5395707313006612
2.4140719956166716 -0.5268357733770132
2.410659630088179 -0.5252389485345875
2.4072506752196006 -0.531358803260405
2.4038451276019877 -0.5274316522928794
2.400442983829785 -0.5242232038843628
2.3970442405008443 -0.522061708759929
2.393648894216427 -0.5169312883669479
2.390256941581193 -0.5192627699170261
2.3868683792031824 -0.5359024872572815
2.383483203693828 -0.5419879458532268
2.380101411667959 -0.5617587318137643
2.3767229997437895 -0.5589106090721505
2.3733479645429005 -0.5477563521727148
2.369976302690252 -0.5553551137758758
2.3666080108141863 -0.5603922366679045
2.363243085546418 -0.5548596919273899
2.3598815235220165 -0.550648795570651
2.3565233213794117 -0.55024502678793
2.353168475760408 -0.5379928599146281
2.349816983310166 -0.5276487751440849
2.346468840677186 -0.5116883201665273
2.3431240445133197 -0.5105234943828036
2.3397825914737767 -0.5055352590992648
2.3364444782171088 -0.5324594208195882
2.333109701405198 -0.5442034382945757
2.3297782577032593 -0.5354817726297062
2.3264501437798564 -0.5465284853565372
2.323125356306881 -0.5586123878526597
2.319803891959538 -0.5412535048317431
2.3164857474163583 -0.5399159435120994
2.3131709193592025 -0.5447822469704549
2.3098594044732472 -0.5298074952470319
2.306551199446973 -0.5193954626468872
2.3032463009721673 -0.5273710718500628
2.299944705743938 -0.5385869229567998
2.296646410460695 -0.5464470382308202
2.2933514118241387 -0.5296860860243191
2.290059706539261 -0.515870046199745
2.286771291314365 -0.5062593343143101
2.28348616286104 -0.5008263867893371
2.280204317894151 -0.48821300025084285
2.276925753131848 -0.5013106988539039
2.2736504652955705 -0.5311404577664043
2.2703784511100378 -0.5349258472032458
2.267109707303228 -0.5273441617489262
2.2638442306063924 -0.5227982022766531
2.2605820177540594 -0.5457332627116958
2.2573230654840217 -0.5501718206449199
2.2540673705373204 -0.5556673666304395
2.2508149296582554 -0.5156411076915939
2.2475657395943913 -0.5023493234193575
2.244319797096543 -0.5411779588270477
2.2410770989187614 -0.5357137710653296
2.2378376418183437 -0.5458472154346133
2.2346014225558375 -0.5268505396641188
2.2313684378950294 -0.5223161532985656
2.228138684602928 -0.5303093472862617
2.224912159449775 -0.5500577715041891
2.2216888592090505 -0.5472783513022481
2.2184687806574583 -0.545020981769086
2.2152519205749157 -0.543032875240842
2.2120382757445562 -0.5446004123177041
2.208827842952739 -0.5556334881296398
2.205620618989039 -0.5280582510174194
2.2024166006462242 -0.5331619303643294
2.199215784720272 -0.571076895780083
2.196018168010371 -0.5392623448435865
2.19282374731891 -0.5576346199003084
2.1896325194514623 -0.5478199704785467
2.1864444812167942 -0.5640069138623405
2.183259629426872 -0.5640253840152255
2.1800779608968512 -0.564977623708581
2.176899472445056 -0.5870028136431183
2.1737241608929923 -0.5363120971296613
2.1705520230653543 -0.538339976653371
2.1673830557900087 -0.5520428253553464
2.1642172558979835 -0.5592030738995181
2.1610546202234717 -0.5629253697988186
2.157895145603844 -0.5795044192528511
2.1547388288796303 -0.5581513055526257
2.1515856668945084 -0.555243036550845
2.14843565649531 -0.5446857269469774
2.145288794532031 -0.5429172460444678
2.142145077857814 -0.5564185785397476
2.1390045033289375 -0.5637344859899086
2.1358670678048197 -0.5750991487672532
2.1327327681480313 -0.6095600231028677
2.1296016012242776 -0.5781131562700236
2.1264735639023855 -0.5571871982801083
2.1233486530543124 -0.5607998080734928
2.120226865555153 -0.5506359291362195
2.1171081982831246 -0.5427980325931643
2.113992648119554 -0.5363947218201603
2.1108802119488854 -0.5343183261823599
2.1077708866586886 -0.5363197448789461
2.1046646691396425 -0.5510051554556759
2.1015615562855245 -0.5580598920867764
2.0984615449932154 -0.5502757985442099
2.0953646321627097 -0.5531130749742078
2.0922708146971 -0.5502359559877633
2.089180089502562 -0.5378795589467891
2.0860924534883654 -0.5316118633758181
2.0830079035668803 -0.5401556287385683
2.0799264366535604 -0.5559679891162171
2.076848049666934 -0.546169574535287
2.0737727395286085 -0.5428216798876612
2.0707005031632786 -0.5401910113958834
2.0676313374987134 -0.5380448572446221
2.0645652394657406 -0.5434103608237557
2.0615022059982575 -0.5599083226278013
2.0584422340332362 -0.580032669474775
2.055385320510709 -0.5647038836207277
2.0523314623737563 -0.5653334783621065
2.049280656568515 -0.5636382319614578
2.046232900044185 -0.5726071006216457
2.0431881897530135 -0.5893592257057974
2.0401465226502857 -0.5913881177147199
2.0371078956943287 -0.5724714106654489
2.03407230584652 -0.5625638332667521
2.0310397500712765 -0.5694105452472441
2.028010225336035 -0.5734843579357235
2.0249837286112657 -0.5796548673688598
2.021960256870477 -0.5729902796717028
2.0189398070902027 -0.5731988256668852
2.0159223762499865 -0.5833397664346868
2.012907961332393 -0.5668649592280025
2.009896559323012 -0.5470698957047404
2.006888167210446 -0.5414595940930838
2.003882781986298 -0.5472341511439756
2.000880400645177 -0.5541614372527551
1.9978810201847068 -0.5504197458232153
1.9948846376055118 -0.5354108433442692
1.991891249911204 -0.5313465749691301
1.9889008541083903 -0.5209812024635447
1.9859134472066797 -0.5263814035179883
1.9829290262186703 -0.538492961805284
1.9799475881599355 -0.5233123861935227
1.9769691300490329 -0.5279319522673606
1.9739936489075074 -0.5312633789496153
1.9710211417598846 -0.5368228389202203
1.9680516056336508 -0.5411066612925955
1.9650850375592648 -0.55455436256489
1.9621214345701632 -0.545574750990931
1.9591607937027486 -0.5593678446998451
1.9562031119963739 -0.5494065121059182
1.9532483864933523 -0.5434557956682717
1.9502966142389635 -0.5386766764427964
1.9473477922814406 -0.5420361721413641
1.944401917671955 -0.5583566943815925
1.9414589874646269 -0.5682614205237626
1.9385189987165323 -0.5744928960708365
1.9355819484876857 -0.5843717512166902
1.9326478338410324 -0.5971930961615445
1.9297166518424524 -0.5974902249148768
1.9267883995607682 -0.5939959843463697
1.9238630740677327 -0.594415351396034
1.920940672438015 -0.587406529690994
1.918021191749208 -0.5927605706577842
1.9151046290818354 -0.593411769370797
1.9121909815193407 -0.6039416676144489
1.9092802461480698 -0.609282151397344
1.9063724200572825 -0.6061177278851222
1.9034675003391572 -0.6121555129487503
1.9005654840887796 -0.5942969853202088
1.8976663684041273 -0.5843688929233402
1.8947701503860803 -0.597776450042733
1.8918768271384252 -0.5838873914095236
1.888986395767843 -0.5880795228650252
1.886098853383897 -0.5788463097242597
1.88321419709904 -0.5662742679156679
1.8803324240286203 -0.5503956101844139
1.87745353129087 -0.565585710621839
1.874577516006891 -0.5793076870175315
1.8717043753006615 -0.5840984017526843
1.8688341062990474 -0.5722203925145813
1.8659667061317835 -0.5773302064034302
1.8631021719314647 -0.5743241172625841
1.8602405008335512 -0.5821325928798565
1.857381689976377 -0.582446298802043
1.8545257365011363 -0.5833739468079957
1.8516726375518697 -0.5619502227166284
1.8488223902754726 -0.5515128738255909
1.8459749918217043 -0.5619489842164709
1.843130439343169 -0.5722611807886444
1.8402887299953106 -0.5812241343543961
1.837449860936414 -0.5747060865242896
1.8346138293276142 -0.573419940949388
1.8317806323328854 -0.5775069873143786
1.8289502671190245 -0.580497838008375
1.826122730855662 -0.5794381399929012
1.8232980207152654 -0.5741996785779646
1.8204761338731301 -0.5770485737926927
1.8176570675073633 -0.5771811678531393
1.8148408187988943 -0.5866384024463277
1.8120273849314787 -0.5845176526083883
1.8092167630916869 -0.5731811141656615
1.8064089504688927 -0.5737999094043756
1.8036039442552778 -0.574934148395049
1.8008017416458406 -0.5716628165809476
1.7980023398383835 -0.5722154306110334
1.7952057360334996 -0.5808152564092285
1.7924119274345793 -0.601190488185092
1.7896209112478192 -0.6188150825178392
1.7868326846822082 -0.6140655647502284
1.7840472449495137 -0.5967289685279
1.7812645892642913 -0.6055264375426664
1.77848471484389 -0.6340679113160899
1.7757076189084402 -0.6383219928556306
1.7729332986808402 -0.6393497072989233
1.7701617513867656 -0.6342101740369575
1.767392974254673 -0.6220086522572817
1.7646269645157897 -0.6382696696962885
1.761863719404102 -0.6343015570286008
1.7591032361563586 -0.632605726538681
1.7563455120120817 -0.6434019736564848
1.753590544213551 -0.6240622848224063
1.7508383300057937 -0.638319956093247
1.748088866636591 -0.6508425865981492
1.7453421513564842 -0.661490828712634
1.7425981814187623 -0.6657491918592237
1.7398569540794506 -0.6733922706289449
1.737118466597316 -0.6493137411939972
1.7343827162338763 -0.6400677705672958
1.7316497002533855 -0.6333031071836878
1.7289194159228223 -0.6318615172379632
1.7261918605118978 -0.6636263633949753
1.7234670312930613 -0.6561274425681194
1.7207449255414877 -0.6646786727209377
1.7180255405350664 -0.6659426899206647
1.7153088735544073 -0.6451943349784327
1.7125949218828476 -0.6530367185060777
1.7098836828064412 -0.6487445513400263
1.7071751536139432 -0.6448488504044677
1.7044693315968198 -0.6405751205881682
1.7017662140492535 -0.6396270860014652
1.6990657982681308 -0.6399459253777365
1.6963680815530315 -0.635045928479783
1.6936730612062334 -0.616292335827704
1.6909807345327215 -0.6390791553488941
1.688291098840173 -0.6670963035761663
1.6856041514389468 -0.6618072820453568
1.6829198896420916 -0.6345018823514149
1.6802383107653496 -0.6193472806368208
1.6775594121271462 -0.6695020155282402
1.6748831910485782 -0.6949225084554029
1.6722096448534196 -0.6934627843535142
1.6695387708681282 -0.6564064645618553
1.666870566421835 -0.6396509940669038
1.6642050288463306 -0.6555896284795886
1.6615421554760723 -0.646918934906681
1.6588819436481912 -0.6554317602933208
1.65622439070248 -0.6547210823985262
1.6535694939813812 -0.6638282488761739
1.6509172508299925 -0.652390957730737
1.6482676585960752 -0.644848155855481
1.6456207146300423 -0.6158553140843264
1.6429764162849447 -0.6207531317881757
1.6403347609164785 -0.663692445339013
1.637695745882994 -0.6506263310254214
1.635059368545479 -0.6824219532291372
1.6324256262675525 -0.6495068738933865
1.6297945164154668 -0.6443541908470822
1.6271660363581169 -0.6475513697097565
1.6245401834670266 -0.6398493185402714
1.621916955116339 -0.6430063011265669
1.6192963486828198 -0.6428622704625458
1.6166783615458682 -0.6378248055642594
1.6140629910875006 -0.6426700434235579
1.6114502346923416 -0.6442060821838483
1.6088400897476305 -0.6524727051958915
1.6062325536432267 -0.6577344033434763
1.6036276237715983 -0.6652454278092548
1.6010252975278103 -0.6464610879231774
1.5984255723095324 -0.665776174124459
1.5958284455170433 -0.65678904127803
1.59323391455322 -0.664997382433404
1.590641976823528 -0.6695558598239046
1.588052629736024 -0.669757485041356
1.5854658707013658 -0.6631947387232335
1.5828816971327977 -0.6491949680858005
1.5803001064461424 -0.6477244687642562
1.5777210960598036 -0.6588168104682364
1.5751446633947759 -0.6745261161315155
1.5725708058746304 -0.6856646783828257
1.569999520925506 -0.6975887815479791
1.5674308059761115 -0.6936336379477257
1.5648646584577368 -0.699268777618314
1.5623010758042395 -0.694017039156359
1.5597400554520306 -0.6925132801963895
1.557181594840087 -0.6967864917139824
1.5546256914099508 -0.7058806019253252
1.5520723426057232 -0.7137279897448162
1.5495215458740512 -0.708989669587125
1.546973298664133 -0.7092378389396446
1.5444275984277258 -0.7030385588888779
1.541884442619133 -0.7025439349377264
1.5393438286951953 -0.7164413431053002
1.536805754115293 -0.7294608798617729
1.5342702163413566 -0.7292269364246703
1.531737212837852 -0.7207494326653051
1.5292067410717713 -0.7258015192647015
1.5266787985126373 -0.7191478652003659
1.5241533826325133 -0.6972162081938541
1.5216304909059866 -0.6988985156236579
1.5191101208101605 -0.705922701282448
1.516592269824661 -0.7212036601490084
1.5140769354316412 -0.7192809024576811
1.5115641151157706 -0.7199860292492968
1.509053806364224 -0.7207698893130265
1.5065460066666891 -0.7232237804911269
1.5040407135153693 -0.7243902704841916
1.5015379244049765 -0.7267741751788638
1.4990376368327163 -0.7149151907252508
1.4965398482982968 -0.7152072428223915
1.4940445563039337 -0.7228333911208177
1.4915517583543387 -0.7286750977626588
1.4890614519567102 -0.7259607543255248
1.4865736346207368 -0.7162152337495656
1.4840883038586048 -0.7114915013822743
1.4816054571849882 -0.721542597811001
1.4791250921170356 -0.7305942358147489
1.4766472061743774 -0.7334659329081052
1.4741717968791317 -0.7372514699819681
1.4716988617558933 -0.7320397454622521
1.4692283983317234 -0.7241331977327737
1.4667604041361524 -0.720370674956265
1.4642948767011914 -0.7146095401299772
1.4618318135613166 -0.7204298051083992
1.4593712122534606 -0.7139738238220236
1.4569130703170177 -0.7145857737818229
1.4544573852938498 -0.7220278091538751
1.4520041547282756 -0.7273605169948008
1.449553376167061 -0.7276080093732511
1.4471050471594222 -0.7190295420041172
1.4446591652570344 -0.7093371003146728
1.4422157280140202 -0.6955013201566734
1.4397747329869373 -0.6858565987206564
1.4373361777347862 -0.6906837818663143
1.4349000598190162 -0.7132779989535065
1.432466376803513 -0.7172269997041829
1.4300351262545896 -0.712046488452783
1.4276063057409902 -0.7206050163154686
1.4251799128338996 -0.7185522531120292
1.4227559451069278 -0.723735846674172
1.420334400136103 -0.7281923168899361
1.417915275499876 -0.7345208628485608
1.4154985687791255 -0.736486473571809
1.4130842775571497 -0.735733002240714
1.4106723994196524 -0.7346453656679526
1.4082629319547513 -0.7318231584589532
1.4058558727529826 -0.7304558581665017
1.403451219407292 -0.7386263438868088
1.4010489695130204 -0.7513045216242453
1.3986491206679146 -0.7411895293695779
1.3962516704721293 -0.7364638344507505
1.3938566165282178 -0.7326736651340684
1.391463956441123 -0.7521359879888652
1.3890736878181795 -0.7625742034889654
1.3866858082691231 -0.7645465248592056
1.3843003154060773 -0.7709057926746669
1.3819172068435464 -0.7760198243050149
1.3795364801984165 -0.7793415262178306
1.377158133089965 -0.7712681288261669
1.374782163139849 -0.7629496740931002
1.3724085679720939 -0.7640177224183778
1.3700373452131003 -0.764906213864153
1.3676684924916493 -0.7637620167437996
1.3653020074388924 -0.7479962437544164
1.3629378876883402 -0.7277602670523031
1.360576130875868 -0.707287021102572
1.3582167346397238 -0.7173790309111213
1.3558596966205148 -0.7332816850598125
1.353505014461199 -0.7335171048241201
1.3511526858070892 -0.743556024868631
1.3488027083058611 -0.7575524495572874
1.3464550796075416 -0.7752148754647707
1.344109797364497 -0.7819116887316159
1.341766859231441 -0.7860367906177294
1.3394262628654396 -0.7804395781145791
1.3370880059258998 -0.7863920325758723
1.3347520860745612 -0.7929832557502937
1.3324185009754985 -0.7957657821879168
1.3300872482951314 -0.7971481248694419
1.3277583257022108 -0.8042491552681643
1.3254317308678099 -0.8032506662637013
1.3231074614653298 -0.7967203606353472
1.3207855151705044 -0.801096371464979
1.3184658896613919 -0.7999742271703526
1.316148582618362 -0.8039181405792573
1.3138335917241042 -0.8098499906474333
1.3115209146636304 -0.7999261845125061
1.3092105491242685 -0.7998627840724853
1.3069024927956474 -0.8044351574383309
1.304596743369708 -0.8102057264862248
1.3022932985407034 -0.8162513203725983
1.2999921560051941 -0.825426561765996
1.2976933134620317 -0.8218288109516878
1.2953967686123704 -0.8188373024122448
1.2931025191596692 -0.8244707966977581
1.290810562809682 -0.8103047871072204
1.2885208972704487 -0.8157650910006019
1.2862335202522992 -0.8139612718726533
1.2839484294678605 -0.8108639745326417
1.2816656226320458 -0.817600479751332
1.2793850974620438 -0.8251929463869236
1.2771068516773254 -0.8176296083034578
1.2748308829996478 -0.8086117730996181
1.2725571891530474 -0.8022138653071318
1.2702857678638253 -0.8316875683836623
1.2680166168605562 -0.8522012232658678
1.265749733874093 -0.8356862095671844
1.2634851166375567 -0.8507498631831545
1.2612227628863257 -0.8680653214851215
1.2589626703580414 -0.8781073633500677
1.2567048367926161 -0.875912391273445
1.25444925993222 -0.8740247641589125
1.2521959375212712 -0.8679745166690506
1.2499448673064437 -0.876614429785602
1.247696047036671 -0.878660253698021
1.2454494744631366 -0.8839004437444014
1.243205147339264 -0.8976071349905056
1.2409630634207214 -0.9008641490822087
1.2387232204654293 -0.9104432592408641
1.2364856162335482 -0.9045792477512982
1.2342502484874696 -0.878362625940645
1.2320171149918218 -0.8762094407915939
1.2297862135134747 -0.8864435719900877
1.2275575418215312 -0.9028711418942514
1.2253310976873149 -0.9105857619029851
1.2231068788843777 -0.9104145928203856
1.2208848831885049 -0.90098072308979
1.2186651083777047 -0.8937386548584232
1.2164475522321974 -0.8888725399595073
1.214232212534423 -0.8910065553849595
1.2120190870690455 -0.8948990777017127
1.2098081736229434 -0.8883530537530308
1.2075994699851988 -0.8968669879454326
1.205392973947105 -0.9046355498168055
1.2031886833021685 -0.9084727718354277
1.200986595846103 -0.8928337722080057
1.1987867093768165 -0.9013458005689945
1.196589021694419 -0.909592933175967
1.1943935306012259 -0.9134936588457321
1.1922002339017506 -0.907787891030938
1.1900091294026915 -0.8716465951300871
1.1878202149129407 -0.8900892365470129
1.1856334882435866 -0.9159631720980788
1.1834489472079075 -0.9149391052769477
1.181266589621357 -0.9041299539526482
1.1790864133015742 -0.9072774274860138
1.1769084160683865 -0.901308755594139
1.1747325957437997 -0.9067330880757771
1.1725589501519904 -0.9087880078657454
1.170387477119308 -0.9006125899199455
1.1682181744742839 -0.9091381913871753
1.1660510400476185 -0.9076076919037666
1.1638860716721737 -0.9070320319174587
1.1617232671829774 -0.8963127215841274
1.1595626244172283 -0.8703734515342223
1.1574041412142875 -0.8883295675926394
1.1552478154156671 -0.911046243582607
1.1530936448650384 -0.9071690742218484
1.1509416274082338 -0.9118030923979532
1.14879176089324 -0.9203223012861874
1.1466440431701863 -0.921725333147678
1.14449847209135 -0.9310323336915447
1.1423550455111653 -0.9357735732118361
1.140213761286208 -0.9418507452745952
1.1380746172751905 -0.9621769294995538
1.1359376113389645 -0.9743073486239547
1.1338027413405278 -0.984406942659413
1.1316700051450144 -0.9936005773479295
1.129539400619684 -0.9960354282364081
1.1274109256339275 -0.9915197096629975
1.1252845780592735 -0.9968316988049292
1.1231603557693788 -1.0006054402509401
1.1210382566400172 -1.0047653443098348
1.118918278549085 -1.0026386917243726
1.1168004193766077 -0.9944324898993293
1.11468467700473 -1.0058712040482782
1.1125710493177055 -1.012508653334481
1.1104595342019028 -1.0099992319352293
1.1083501295458102 -1.0063799221121785
1.1062428332400267 -1.0085303203468938
1.1041376431772512 -1.0064982959229327
1.1020345572522912 -1.0015808416355176
1.0999335733620632 -0.9963065007199108
1.097834689405588 -0.9928384131834446
1.0957379032839762 -0.9891311768979113
1.0936432129004392 -0.9791695471645264
1.0915506161602893 -0.9762837798324929
1.0894601109709336 -0.9732041810691202
1.0873716952418628 -0.9663515725359084
1.0852853668846576 -0.9793391940224399
1.0832011238129935 -0.991085464151136
1.0811189639426302 -0.9895707577368269
1.079038885191404 -0.9905661810248382
1.0769608854792327 -0.9922928097390219
1.0748849627281203 -0.9969897142150805
1.072811114862147 -1.0102512712808664
1.070739339807461 -1.0168330079259535
1.068669635492284 -1.030292362042801
1.066601999846915 -1.0354352326282181
1.0645364308037215 -1.0346097943790404
1.062472926297131 -1.0388386515279926
1.0604114842636347 -1.045574180227649
1.0583521026417948 -1.0478258861695746
1.0562947793722324 -1.0554672374513863
1.0542395123976211 -1.0609453927297914
1.0521862996626896 -1.0726217234784077
1.0501351391142286 -1.0832995629506652
1.0480860287010811 -1.0861828416872459
1.0460389663741334 -1.0894741151700367
1.0439939500863185 -1.098094712572698
1.0419509777926241 -1.1056598560602229
1.0399100474500815 -1.1128561142750377
1.0378711570177561 -1.11765374988797
1.0358343044567544 -1.115516753306813
1.0337994877302261 -1.099852591372622
1.031766704803359 -1.104147357512353
1.0297359536433661 -1.0989563894452214
1.0277072322194925 -1.0943979468353644
1.0256805385030199 -1.088194744694859
1.023655870467258 -1.0883740420999743
1.0216332260875354 -1.1021535792706985
1.019612603341204 -1.1097680101284957
1.017594000207644 -1.1230292969764386
1.0155774146682557 -1.1208587074846548
1.0135628447064504 -1.1165972486488678
1.011550288307654 -1.115109384987896
1.0095397434593134 -1.1215563205984964
1.0075312081508874 -1.1211771487123232
1.0055246803738367 -1.1184606368528485
1.0035201581216304 -1.134509984613035
1.0015176393897485 -1.1432722153206054
0.9995171221756767 -1.1524107204384877
0.9975186044788937 -1.154289153323502
0.9955220843008781 -1.1534622492641216
0.993527559645113 -1.163701609088267
0.9915350285170774 -1.1704393987460777
0.9895444889242362 -1.1620227640606722
0.987555938876046 -1.162432871620292
0.9855693763839606 -1.1726519951089742
0.9835847994614202 -1.181453366695796
0.9816022061238447 -1.1848885432608331
0.979621594388637 -1.1806727699361848
0.9776429622751888 -1.1818529842836696
0.9756663078048711 -1.1899902570578411
0.9736916290010256 -1.194035633240893
0.9717189238889705 -1.2034520053658375
0.9697481904960035 -1.2130245496611705
0.9677794268513944 -1.2180424372972316
0.9658126309863762 -1.2197832837296534
0.9638478009341493 -1.2219282286944075
0.961884934729887 -1.2212800098665146
0.9599240304107266 -1.2193924342764229
0.9579650860157598 -1.2139835677458983
0.9560080995860387 -1.2114530688856313
0.9540530691645803 -1.2152865116758353
0.9520999927963572 -1.2149527588379558
0.9501488685282897 -1.2184294695055742
0.9481996944092497 -1.204992881799376
0.9462524684900664 -1.2084971098541013
0.9443071888235175 -1.2150639819799496
0.9423638534643193 -1.2201229375396982
0.9404224604691329 -1.2148523237466764
0.9384830078965685 -1.2011673472878377
0.9365454938071773 -1.207958058370985
0.9346099162634414 -1.2121774927064237
0.9326762733297791 -1.2166269906918292
0.9307445630725515 -1.217188124779623
0.9288147835600511 -1.215196481434939
0.9268869328624953 -1.2149498280860827
0.9249610090520295 -1.212599108481361
0.9230370102027328 -1.2116170524560186
0.92111493439061 -1.2154483632395334
0.9191947796935818 -1.2207064229553966
0.9172765441914901 -1.2238736111999498
0.9153602259661022 -1.2275210691404561
0.9134458231011031 -1.2307921525179375
0.9115333336820866 -1.2346629152004016
0.9096227557965602 -1.257220969913424
0.907714087533948 -1.2738330045743231
0.905807326985586 -1.2785330255167087
0.9039024722447098 -1.2803402755601365
0.9019995214064611 -1.278726542933625
0.9000984725678924 -1.281144969318227
0.898199323827958 -1.2859824722293711
0.8963020732875053 -1.2852566324961145
0.8944067190492806 -1.2850466939478207
0.8925132592179332 -1.2880137016737734
0.8906216919000058 -1.290743099044069
0.8887320152039282 -1.2930081044858617
0.8868442272400194 -1.2991971096608257
0.8849583261204952 -1.30879079406069
0.8830743099594576 -1.3160183542160786
0.881192176872887 -1.3196776789117632
0.8793119249786467 -1.3215228647895627
0.8774335523964878 -1.318535546037305
0.8755570572480411 -1.3185262092084762
0.873682437656808 -1.3169780042695962
0.8718096917481655 -1.3184257113787174
0.8699388176493708 -1.3229965998208137
0.8680698134895526 -1.321857559823783
0.8662026773997034 -1.325374269544633
0.8643374075126842 -1.3290794775061363
0.862474001963228 -1.3304630756159395
0.860612458887932 -1.3333667797949376
0.85875277642525 -1.3342482495707402
0.8568949527154959 -1.3384764183950404
0.8550389859008494 -1.3443957137292228
0.8531848741253465 -1.3499481890550904
0.8513326155348724 -1.3504310354121332
0.8494822082771647 -1.3470131190290415
0.8476336505018194 -1.3441387016851216
0.8457869403602818 -1.343227229104023
0.8439420760058387 -1.3467531274308016
0.8420990555936216 -1.3490466014104954
0.840257877280614 -1.3463259833424674
0.8384185392256398 -1.3465251251770802
0.8365810395893585 -1.350799810948682
0.8347453765342663 -1.3521136748713145
0.8329115482247034 -1.349724573234247
0.8310795528268446 -1.3517226886241878
0.829249388508692 -1.3530090739014276
0.8274210534400763 -1.358227554178044
0.825594545792667 -1.3633274964820261
0.8237698637399584 -1.3693316215738751
0.8219470054572655 -1.373860268982183
0.8201259691217271 -1.3770412246633656
0.8183067529123089 -1.3787413123326613
0.8164893550097987 -1.3816951259995736
0.814673773596795 -1.383604796591978
0.8128600068577128 -1.3881921493389273
0.8110480529787885 -1.3909203547301452
0.8092379101480713 -1.3971324409874613
0.8074295765554151 -1.4044315997628452
0.8056230503924828 -1.4129187173297988
0.803818329852751 -1.4199871328193545
0.8020154131315032 -1.4233503502537408
0.8002142984258185 -1.4256458148998536
0.7984149839345789 -1.42687309857959
0.7966174678584732 -1.432408094690473
0.7948217483999882 -1.4342911559225189
0.793027823763401 -1.4328167060185049
0.7912356921547843 -1.4319423813953582
0.7894453517820088 -1.4242504985013023
0.7876568008547371 -1.4224320599950124
0.7858700375844154 -1.4275044854238876
0.784085060184277 -1.431899110921163
0.7823018668693478 -1.4386481597488356
0.7805204558564365 -1.4460903042873454
0.7787408253641299 -1.447700796324846
0.7769629736127934 -1.4517169594218582
0.7751868988245789 -1.456081573207174
0.7734125992234142 -1.4508153335243308
0.7716400730349966 -1.445162714194846
0.7698693184867962 -1.4458288848961778
0.7681003338080619 -1.446851791641713
0.7663331172298122 -1.4453513485858787
0.7645676669848267 -1.4470487539966117
0.7628039813076521 -1.4433479227242525
0.7610420584346058 -1.4388253976722136
0.7592818966037675 -1.4424687156039866
0.7575234940549727 -1.447628168471675
0.7557668490298153 -1.4508521056712658
0.7540119597716533 -1.4538821211880757
0.7522588245256001 -1.4562896399846033
0.7505074415385178 -1.4611136840942516
0.7487578090590192 -1.4637918542446002
0.747009925337476 -1.4644438837962221
0.7452637886260067 -1.4703447419151465
0.7435193971784715 -1.476517460710178
0.7417767492504752 -1.4785793395541889
0.7400358430993739 -1.478551472538257
0.7382966769842634 -1.4795914678926942
0.7365592491659751 -1.4840665599606413
0.7348235579070774 -1.4877384635596473
0.733089601471882 -1.4890848214532346
0.7313573781264358 -1.490869532242148
0.7296268861385118 -1.4865077792724215
0.7278981237776154 -1.4847449580626497
0.7261710893149862 -1.4836725208771355
0.7244457810235938 -1.4843065228583772
0.7227221971781257 -1.4924217958575572
0.7210003360549957 -1.500231648343142
0.7192801959323449 -1.5046248972275824
0.7175617750900365 -1.5073098143647254
0.7158450718096458 -1.5105935744655525
0.7141300843744676 -1.5103601919185812
0.7124168110695162 -1.510455632411533
0.7107052501815216 -1.507019948063644
0.70899539999892 -1.5073900438451242
0.7072872588118575 -1.5048437017710092
0.7055808249121962 -1.5066255268940045
0.7038760965935051 -1.5091093269534182
0.7021730721510524 -1.5090609670562054
0.7004717498818109 -1.51714025530388
0.6987721280844608 -1.5206050181957642
0.6970742050593832 -1.5215270630165068
0.6953779791086523 -1.5225373119820433
0.6936834485360388 -1.5230734913729453
0.6919906116470149 -1.5248586565303304
0.690299466748747 -1.5284212808917468
0.6886100121500862 -1.534645375401744
0.6869222461615756 -1.5456024326248654
0.6852361670954514 -1.555232715576113
0.683551773265638 -1.5650075816049145
0.6818690629877382 -1.571561350535408
0.6801880345790385 -1.5793944892591276
0.678508686358513 -1.5830933676104522
0.6768310166468174 -1.5877832875107982
0.6751550237662778 -1.5863060216057108
0.6734807060408985 -1.5864672661608974
0.6718080617963649 -1.5898058102821548
0.6701370893600354 -1.591906429429185
0.6684677870609341 -1.5956031148651033
0.6668001532297563 -1.5959559947104862
0.6651341861988707 -1.6012424184866159
0.6634698843023128 -1.604317414727158
0.6618072458757778 -1.604059174821574
0.6601462692566245 -1.6085061343317402
0.6584869527838786 -1.6114382250998096
0.6568292947982266 -1.6156121322677086
0.6551732936420072 -1.6183589966606913
0.6535189476592169 -1.6175994128982032
0.6518662551955119 -1.621107145204759
0.6502152145982028 -1.6218112008103047
0.6485658242162455 -1.6172034664347024
0.646918082400247 -1.606520224165393
0.6452719875024682 -1.5980541793189225
0.6436275378768168 -1.5998124780929832
0.6419847318788408 -1.603291182179816
0.6403435678657301 -1.606874598251875
0.6387040441963241 -1.6092960593443595
0.6370661592311015 -1.6123078607922359
0.6354299113321749 -1.6101804610006532
0.6337952988632929 -1.6097594832083533
0.6321623201898456 -1.6142615000175917
0.6305309736788578 -1.6129061453743339
0.6289012576989794 -1.6147863711467338
0.6272731706204917 -1.6193804458231662
0.6256467108153101 -1.6279706431472982
0.6240218766569776 -1.6370209645518732
0.6223986665206571 -1.6431124486363742
0.6207770787831357 -1.6492881589898856
0.6191571118228278 -1.6483674972561182
0.61753876401977 -1.6469331562293203
0.6159220337556108 -1.647359773431397
0.6143069194136168 -1.6473357156934998
0.612693419378677 -1.6517204845749647
0.611081532037294 -1.6565190749390648
0.609471255777577 -1.6636610604080164
0.6078625889892473 -1.6702238967668013
0.6062555300636405 -1.6747089147122822
0.6046500773937005 -1.6793717440574978
0.6030462293739716 -1.6836310577694025
0.6014439844006028 -1.6875388642885898
0.5998433408713517 -1.6919026960279282
0.5982442971855779 -1.6913642408707712
0.5966468517442343 -1.6889578152307745
0.5950510029498723 -1.688912539938652
0.5934567492066467 -1.6911840231421555
0.591864088920306 -1.68785065581397
0.5902730204981865 -1.6852526010193514
0.5886835423492176 -1.686707151411626
0.5870956528839231 -1.6867997934608754
0.5855093505144169 -1.6938229070773085
0.5839246336543928 -1.6998421117616282
0.5823415007191319 -1.7038467147322105
0.5807599501255036 -1.7048816364418995
0.5791799802919599 -1.7077190891572
0.577601589638528 -1.7018223502043115
0.5760247765868145 -1.703134622990321
0.5744495395600089 -1.706126635814811
0.5728758769828768 -1.709879756989535
0.571303787281753 -1.711404490591077
0.5697332688845442 -1.7140965270827582
0.5681643202207356 -1.7175267517583093
0.5665969397213804 -1.7251788949845743
0.5650311258190954 -1.723586404024789
0.563466876948064 -1.7168138607925185
0.5619041915440399 -1.7159987138286026
0.5603430680443404 -1.7167560792586876
0.5587835048878385 -1.7189954482969783
0.5572255005149691 -1.7208941431202411
0.5556690533677295 -1.7261719624050678
0.5541141618896761 -1.7279308632182064
0.5525608245259139 -1.7296146089899664
0.5510090397231029 -1.7278867230536068
0.5494588059294607 -1.7336619882135254
0.5479101215947566 -1.7368256646702627
0.5463629851703029 -1.744671804625206
0.5448173951089605 -1.7505961759607664
0.5432733498651423 -1.7546313192707867
0.5417308478948051 -1.7537345324550737
0.5401898876554438 -1.7564578313749681
0.5386504676060964 -1.7566752695019168
0.5371125862073445 -1.7632624170960614
0.5355762419213097 -1.7715290082207424
0.5340414332116448 -1.7793225758223314
0.5325081585435383 -1.7759826459283916
0.5309764163837181 -1.771237145816302
0.5294462052004445 -1.7721710556439032
0.5279175234635034 -1.7790997978497527
0.5263903696442105 -1.7804690216505563
0.5248647422154145 -1.7840941250663767
0.5233406396514901 -1.786649281479176
0.5218180604283327 -1.787578333154543
0.52029700302336 -1.796854555870926
0.5187774659155167 -1.794517973563429
0.5172594475852688 -1.799984612900259
0.5157429465145948 -1.805957798058157
0.5142279611869907 -1.8048898987582584
0.5127144900874743 -1.806297467182804
0.5112025317025766 -1.803333261742343
0.5096920845203368 -1.7949436607670368
0.5081831470303042 -1.78887060542358
0.5066757177235446 -1.7909158452247436
0.5051697950926308 -1.799296827796113
0.5036653776316378 -1.8016394915053728
0.5021624638361446 -1.8066840314629111
0.5006610522032411 -1.8089196589726846
0.4991611412315171 -1.8142864241169645
0.49766272942105916 -1.8169879067962842
0.4961658152734527 -1.824120069226956
0.4946703972917865 -1.831303346350833
0.4931764739806448 -1.8351184508665501
0.4916840438461014 -1.8386058795751845
0.4901931053957236 -1.8432209333663427
0.4887036571385752 -1.8473451837534232
0.4872156975852109 -1.8595205787141553
0.48572922524766793 -1.8667259362611126
0.4842442386394714 -1.8694938190639063
0.4827607362756372 -1.8665564716023417
0.48127871667266553 -1.86817645323897
0.4797981783485341 -1.8754645594415857
0.47831911982270126 -1.8738466645951335
0.47684153961611186 -1.8725491880265497
0.47536543625118743 -1.869862304751385
0.4738908082518227 -1.8648214688081053
0.4724176541433862 -1.8583320841220383
0.4709459724527265 -1.853803148638299
0.4694757617081642 -1.855641230373008
0.4680070204394864 -1.858520668403063
0.46653974717794866 -1.8614905413118095
0.4650739404562805 -1.8616752756242727
0.463609598808677 -1.8625037783675296
0.46214672077079477 -1.8604941758699582
0.46068530487975234 -1.8569707458041416
0.45922534967413653 -1.8503975255223628
0.4577668536939947 -1.8477674366802632
0.45630981548082783 -1.8543367368644155
0.45485423357759514 -1.8560147119003438
0.45340010652871765 -1.851170035391433
0.4519474328800701 -1.848804303651859
0.45049621117897676 -1.852996205494467
0.44904643997421245 -1.866468866152338
0.4475981178160089 -1.8766123836636444
0.4461512432560468 -1.8776217375338429
0.4447058148474481 -1.8874646919258553
0.44326183114478224 -1.8966234507311632
0.44181929070406767 -1.9067995215557163
0.44037819208276674 -1.9152465840363075
0.43893853383977777 -1.9198375252233368
0.4375003145354399 -1.9226933162463813
0.43606353273153653 -1.9194369141022747
0.43462818699128825 -1.9153136669172066
0.4331942758793461 -1.9181767247194312
0.4317617979617969 -1.925008822648233
0.4303307518061652 -1.9331652485738962
0.4289011359814068 -1.933429503923758
0.4274729490579037 -1.9338441914264117
0.42604618960746565 -1.936029155185256
0.4246208562033362 -1.937197254018996
0.4231969474201842 -1.941001295977243
0.4217744618340984 -1.94868577990921
0.4203533980225904 -1.949680723113217
0.4189337545645988 -1.9490171167363008
0.4175155300404825 -1.9544303413981938
0.4160987230320141 -1.9558253358115885
0.4146833321223844 -1.9621566085217492
0.4132693558962046 -1.9673723955016955
0.41185679293950117 -1.9614784994666186
0.41044564183970844 -1.949569335349895
0.40903590118567235 -1.9457379987673245
0.4076275695676548 -1.953317134496097
0.40622064557732696 -1.9679356144104254
0.4048151278077614 -1.9841245387298194
0.40341101485343867 -1.9965506519913303
0.40200830531024745 -2.0025011359669946
0.40060699777548114 -2.0077891246039488
0.3992070908478291 -2.0052589451116933
0.3978085831273821 -1.997292878248384
0.39641147321563475 -1.9975858012074867
0.39501575971547953 -1.9913109139761207
0.3936214412312 -1.983581246560586
0.39222851636847555 -1.9732481325616797
0.39083698373438347 -1.9648178890819765
0.38944684193739354 -1.9631624617311942
0.3880580895873613 -1.967992643308906
0.3866707252955317 -1.976138793808607
0.3852847476745431 -1.9750655674379485
0.38390015533842026 -1.9779136161831299
0.38251694690256777 -1.9852943287542872
0.381135120983775 -1.9854804627136806
0.3797546762002184 -1.977934426333664
0.3783756111714556 -1.9763048993967987
0.37699792451841874 -1.9776804180612897
0.3756216148634186 -1.9851750203851435
0.3742466808301479 -1.999310611278217
0.3728731210436751 -2.0101064039324243
0.3715009341304376 -2.02301648139981
0.3701301187182462 -2.0334922344018724
0.3687606734362876 -2.037481087139453
0.36739259691511905 -2.035733630032299
0.36602588778666134 -2.0368644524919954
0.36466054468420284 -2.023702048650307
0.3632965662424026 -2.0206117051548116
0.361933951097285 -2.0283919292626154
0.3605726978862318 -2.034611810735831
0.3592128052479875 -2.043820570275521
0.3578542718226614 -2.058849086092949
0.3564970962517229 -2.0744861556619996
0.3551412771779938 -2.079059603381505
0.3537868132456523 -2.0831661961270425
0.3524337031002369 -2.0885159982360477
0.35108194538863957 -2.09671558395266
0.34973153875910046 -2.104588113032729
0.34838248186121 -2.1133437245848867
0.34703477334591404 -2.11422324389153
0.3456884118655057 -2.1052466904496154
0.3443433960736215 -2.0956265102499545
0.3429997246252432 -2.0900862961401927
0.3416573961767011 -2.094986834431231
0.34031640938566965 -2.105809155281466
0.3389767629111591 -2.116061536543518
0.3376384554135208 -2.123947515082454
0.3363014855544495 -2.132504676890346
0.33496585199697715 -2.13350518689584
0.33363155340546813 -2.1258447816066814
0.3322985884456213 -2.122714242672252
0.3309669557844741 -2.12872085088602
0.3296366540903959 -2.1328196483402007
0.3283076820330826 -2.1395800012701716
0.3269800382835597 -2.146273583391357
0.3256537215141855 -2.1504962963130256
0.32432873039864596 -2.1545554414647974
0.3230050636119468 -2.157796760304516
0.3216827198304193 -2.1628688970423164
0.32036169773172185 -2.1673561964998282
0.3190419959948343 -2.168171795546189
0.31772361330005294 -2.1663690537439244
0.3164065483289922 -2.1684322901322486
0.31509079976458954 -2.1727325935580777
0.3137763662910986 -2.173081959900669
0.3124632465940833 -2.182150048191294
0.3111514393604218 -2.195124502024954
0.3098409432783087 -2.2027266083355546
0.30853175703725055 -2.2112591091461007
0.3072238793280584 -2.223341661800497
0.3059173088428522 -2.2365175939250475
0.3046120442750637 -2.248373435847715
0.30330808431943046 -2.2532461770505288
0.30200542767199035 -2.263276260670825
0.30070407303008384 -2.265584500919303
0.29940401909235903 -2.2575471503814297
0.2981052645587634 -2.242272534136763
0.296807808130541 -2.2381942227363503
0.29551164851023226 -2.243928812706919
0.2942167844016801 -2.2455880185118073
0.29292321451002246 -2.2608347447437325
0.291630937541687 -2.272302402705299
0.29033995220439457 -2.2796993219640385
0.2890502572071618 -2.2891161452222266
0.28776185126029596 -2.3019495815555313
0.28647473307538873 -2.311444508269288
0.28518890136531927 -2.334246166509081
0.2839043548442586 -2.3501121615784974
0.28262109222766174 -2.3502403885683743
0.2813391122322644 -2.348291500133284
0.2800584135760835 -2.34032314125653
0.27877899497842296 -2.343509431367469
0.2775008551598661 -2.3488334308941647
0.2762239928422707 -2.362285061188023
0.27494840674877263 -2.3759069052417745
0.2736740956037875 -2.38811911334819
0.2724010581330063 -2.3998393292795375
0.27112929306338907 -2.404924994214039
0.2698587991231687 -2.411857803795377
0.2685895750418532 -2.422672242862297
0.2673216195502208 -2.4435902808714753
0.2660549313803138 -2.46128969766844
0.2647895092654411 -2.4645252600298617
0.26352535194018323 -2.463345965238219
0.26226245814038474 -2.4631537427252055
0.2610008266031496 -2.467674692767326
0.2597404560668439 -2.4726887536605617
0.25848134527109945 -2.483309635783307
0.25722349295680713 -2.5029591398309283
0.2559668978661127 -2.5167616656766936
0.25471155874241846 -2.5334205190432066
0.25345747433038746 -2.548860270906547
0.25220464337593773 -2.56721917066064
0.2509530646262357 -2.580460568732798
0.2497027368297 -2.584940624579125
0.24845365873600533 -2.5862060424740347
0.2472058290960759 -2.5857061009717124
0.24595924666207947 -2.581952792249016
0.24471391018743116 -2.5795476837176476
0.24346981842679694 -2.585040958530164
0.24222697013608663 -2.5985583390485414
0.24098536407245041 -2.6086013798313803
0.23974499899427926 -2.6096894053633335
0.23850587366121045 -2.612185002903667
0.23726798683412054 -2.620891121292988
0.23603133727512082 -2.6260966548655
0.2347959237475592 -2.6418992908078143
0.2335617450160241 -2.662504807867795
0.23232879984633903 -2.676088553578455
0.23109708700555642 -2.6869680066066244
0.22986660526196134 -2.689768035579405
0.22863735338507407 -2.6784361019736322
0.22740933014564457 -2.6807005365483993
0.2261825343156476 -2.687668562517197
0.22495696466828496 -2.700439439655471
0.223732619977989 -2.6985633247515413
0.22250949902041728 -2.698355129662237
0.22128760057244645 -2.699038376815559
0.2200669234121757 -2.705266758481497
0.21884746631892993 -2.7156211389483005
0.21762922807325435 -2.7185169424145195
0.21641220745690837 -2.7299906092252555
0.21519640325286904 -2.750406041993328
0.21398181424533425 -2.767723142356783
0.2127684392197169 -2.7769200534064287
0.21155627696264 -2.7948757348436173
0.2103453262619388 -2.8102032348004515
0.2091355859066648 -2.815642223035312
0.2079270546870795 -2.822901713300624
0.2067197313946496 -2.825552999861312
0.20551361482204933 -2.8222681116600277
0.20430870376316457 -2.8265163647116864
0.20310499701308604 -2.8214926290618836
0.20190249336810462 -2.8237484461892035
0.20070119162571465 -2.8241394510769613
0.19950109058461662 -2.838116026918922
0.1983021890447112 -2.8521079902250355
0.1971044858070945 -2.8641696798279983
0.19590797967406126 -2.8811423921100574
0.19471266944910726 -2.8971830904530207
0.19351855393692463 -2.904292965589909
0.19232563194339525 -2.906143292772286
0.19113390227559512 -2.903935575275149
0.18994336374179666 -2.903591522244744
0.18875401515146284 -2.909499775985916
0.1875658553152435 -2.8981935350326755
0.1863788830449764 -2.894595973794967
0.18519309715369103 -2.9085044404941462
0.1840084964556037 -2.918854644651028
0.1828250797661115 -2.9301178941369077
0.1816428459017958 -2.935947645256007
0.18046179368042425 -2.941194578090456
0.17928192192094672 -2.956247890005818
0.17810322944348944 -2.9610008334739186
0.17692571506935795 -2.9711338216941447
0.17574937762103948 -2.979068529007934
0.17457421592219857 -2.9828457293838486
0.17340022879767147 -2.984674435683457
0.17222741507346906 -2.9772444818752546
0.17105577357677926 -2.9854058765214972
0.16988530313596284 -2.998049290701901
0.16871600258054675 -3.0094843476871627
0.1675478707412288 -3.027276781056672
0.1663809064498789 -3.0383013378872263
0.16521510853953458 -3.0427268357548916
0.16405047584439614 -3.055091909782586
0.1628870071998283 -3.0595712451312247
0.16172470144236462 -3.0548669729560065
0.1605635574097013 -3.064901218573517
0.15940357394069182 -3.076729724708193
0.1582447498753512 -3.0912095144807004
0.15708708405485683 -3.0991488962548517
0.15593057532154497 -3.1081964007347214
0.15477522251890474 -3.1186604828163302
0.15362102449158122 -3.1312252940172622
0.15246798008537832 -3.1299223101952034
0.15131608814725372 -3.132488056042368
0.15016534752531308 -3.1420796103343944
0.14901575706881376 -3.162244511841218
0.14786731562816735 -3.169380129695441
0.14672002205493428 -3.171770043179281
0.14557387520181875 -3.178011923795453
0.144428873922672 -3.1838246149767104
0.14328501707249441 -3.1868837230600584
0.14214230350743118 -3.181000775601866
0.1410007320847666 -3.1901971739277006
0.1398603016629274 -3.19900318371241
0.1387210111014845 -3.2133185713251144
0.13758285926114988 -3.2271757553861047
0.13644584500376933 -3.232167742421672
0.13530996719232613 -3.2397421949352494
0.13417522469094512 -3.244539841886836
0.1330416163648851 -3.2430600249504002
0.13190914108053597 -3.253539569502983
0.1307777977054203 -3.259930482626023
0.1296475851081964 -3.265541998505132
0.1285185021586539 -3.2695968106166773
0.12739054772770753 -3.276922778285258
0.12626372068740088 -3.2860877993355557
0.12513801991090867 -3.295096328130385
0.12401344427253225 -3.2970412754630063
0.12288999264769385 -3.3009392754852507
0.12176766391293947 -3.317450487609703
0.12064645694594267 -3.3358750863149513
0.11952637062549809 -3.3457529847911793
0.11840740383151727 -3.3560603356099366
0.11728955544503172 -3.3610230733091124
0.11617282434819476 -3.360020814934727
0.115057209424277 -3.355638808145523
0.1139427095576615 -3.343397903241614
0.11282932363384668 -3.343603163235518
0.11171705053944803 -3.3560195079644655
0.1106058891621946 -3.3707505180125152
0.10949583839092303 -3.3832153507515423
0.10838689711558014 -3.4011391691151465
0.10727906422722677 -3.4189765057212522
0.10617233861803177 -3.431757597954056
0.10506671918126775 -3.4424377287675494
0.10396220481131291 -3.4506590406055335
0.10285879440365497 -3.451204726409232
0.10175648685488525 -3.453851674435216
0.10065528106269417 -3.454503688626618
0.09955517592587415 -3.4548613393289123
0.09845617034432141 -3.4479649795473684
0.09735826321903263 -3.4370944491933844
0.09626145345209847 -3.4339961858475783
0.09516573994670718 -3.446326682822056
0.09407112160714703 -3.451782955627524
0.09297759733880162 -3.463832565223929
0.09188516604814478 -3.465593942230978
0.09079382664274305 -3.4734798308935586
0.08970357803125872 -3.4817135183153547
0.08861441912344525 -3.482330088704414
0.08752634883014165 -3.4801714218752666
0.0864393660632754 -3.484490405186844
0.08535346973586577 -3.488068133683952
0.0842686587620185 -3.492272771854865
0.08318493205692001 -3.4896014091800978
0.08210228853684232 -3.481719500215159
0.08102072711914299 -3.4759176708172212
0.07994024672226296 -3.4775093812061333
0.07886084626571965 -3.4807192528149247
0.07778252467011049 -3.491799817030887
0.07670528085711581 -3.5025172179862882
0.07562911374949377 -3.515641740504716
0.074554022271075 -3.5321172536222694
0.07348000534676613 -3.534862756908049
0.0724070619025523 -3.5313407107460475
0.07133519086549134 -3.5296426120640247
0.07026439116371064 -3.522877976965868
0.06919466172640831 -3.5237907932025228
0.06812600148385695 -3.5248772606358956
0.06705840936739804 -3.536100750406209
0.06599188430943714 -3.545460580977617
0.0649264252434476 -3.5539711802669984
0.06386203110397237 -3.560549717708367
0.06279870082661843 -3.566255472574994
0.0617364333480539 -3.568896250405578
0.06067522760600941 -3.5580377734697084
0.05961508253928094 -3.5450965562209316
0.05855599708772519 -3.535196090268761
0.057497970192254666 -3.5282824549353853
0.0564410007948406 -3.520259073398056
0.05538508783851537 -3.5120060682096628
0.05433023026736761 -3.5054706004609506
0.05327642702653823 -3.511697134980361
0.05222367706222175 -3.514217932973101
0.05117197932167006 -3.519887483175755
0.05012133275318709 -3.539994447264541
0.04907173630612438 -3.5632912674417234
0.04802318893088353 -3.5849012923056116
0.046975689578918844 -3.5951115286601336
0.04592923720273312 -3.57554033336153
0.044883830755871656 -3.5697459327250547
0.04383946919292603 -3.5683090487087634
0.04279615146953675 -3.5609821251187683
0.04175387654238749 -3.56334522293041
0.04071264336920177 -3.569580897624235
0.03967245090874427 -3.585818289827186
0.03863329812082417 -3.5873284033920743
0.03759518396629069 -3.580695920263284
0.036558107407027585 -3.5757249263007784
0.03552206740595665 -3.5870238623582305
0.03448706292703907 -3.5948017027342134
0.033453092935272766 -3.5906143444791265
0.032420156396685496 -3.576039304845942
0.031388252278338635 -3.572431876566988
0.030357379548330066 -3.5698083785728425
0.029327537175788843 -3.581364035375832
0.028298724130870534 -3.5969905730380405
0.027270939384760107 -3.606280033519916
0.026244181909674813 -3.6109209768929977
0.02521845067885864 -3.5919599045642094
0.024193744666578754 -3.587421924142712
0.023170062848126838 -3.574609500007432
0.022147404199823306 -3.56545980084143
0.021125767699010867 -3.5649749370193713
0.020105152324050968 -3.5556222185952544
0.019085557054326907 -3.5642558693828312
0.01806698087024472 -3.5818860057933724
0.01704942275323007 -3.6132834339376405
0.01603288168572292 -3.6507118226895154
0.015017356651180425 -3.686135357517949
0.014002846634078914 -3.703311139314634
0.012989350619910578 -3.705740670344216
0.011976867595177243 -3.6964842283387473
0.010965396547393702 -3.674576358558319
0.009954936465091269 -3.6643327376988415
0.008945486337811337 -3.648445721549576
0.007937045156101608 -3.644348313777355
0.006929611911519418 -3.6467010370894766
0.005923185596633074 -3.6542432465365122
0.004917765205017854 -3.6701580562456733
0.00391334973125157 -3.6799657618384174
0.0029099381709167815 -3.690680706132881
0.0019075295206036902 -3.71592757563529
0.0009061227779056935 -3.7366571935502906
-9.428305858627528e-05 -3.7460751037139084
